{
  "asset": {
    "version": "2.0",
    "generator": "THREE.GLTFExporter"
  },
  "scenes": [
    {
      "name": "AuxScene",
      "nodes": [
        46
      ]
    }
  ],
  "scene": 0,
  "nodes": [
    {
      "matrix": [
        1,
        0,
        0,
        0,
        0,
        1,
        0,
        0,
        0,
        0,
        1,
        0,
        0,
        0.6,
        0,
        1
      ],
      "mesh": 0
    },
    {
      "matrix": [
        1,
        0,
        0,
        0,
        0,
        1,
        0,
        0,
        0,
        0,
        1,
        0,
        1.015,
        0.6,
        0,
        1
      ],
      "mesh": 1
    },
    {
      "matrix": [
        0.9876883405951378,
        0,
        -0.15643446504023087,
        0,
        0,
        1,
        0,
        0,
        0.15643446504023087,
        0,
        0.9876883405951378,
        0,
        1.0025036657040647,
        0.6,
        0.15878098201583432,
        1
      ],
      "mesh": 2
    },
    {
      "matrix": [
        0.9510565162951535,
        0,
        -0.30901699437494745,
        0,
        0,
        1,
        0,
        0,
        0.30901699437494745,
        0,
        0.9510565162951535,
        0,
        0.9653223640395807,
        0.6,
        0.31365224929057156,
        1
      ],
      "mesh": 3
    },
    {
      "matrix": [
        0.8910065241883679,
        0,
        -0.45399049973954675,
        0,
        0,
        1,
        0,
        0,
        0.45399049973954675,
        0,
        0.8910065241883679,
        0,
        0.9043716220511934,
        0.6,
        0.4608003572356399,
        1
      ],
      "mesh": 4
    },
    {
      "matrix": [
        0.8090169943749475,
        0,
        -0.587785252292473,
        0,
        0,
        1,
        0,
        0,
        0.587785252292473,
        0,
        0.8090169943749475,
        0,
        0.8211522492905716,
        0.6,
        0.5966020310768602,
        1
      ],
      "mesh": 5
    },
    {
      "matrix": [
        0.7071067811865475,
        0,
        -0.7071067811865476,
        0,
        0,
        1,
        0,
        0,
        0.7071067811865476,
        0,
        0.7071067811865475,
        0,
        0.7177133829043457,
        0.6,
        0.7177133829043456,
        1
      ],
      "mesh": 6
    },
    {
      "matrix": [
        0.5877852522924731,
        0,
        -0.8090169943749473,
        0,
        0,
        1,
        0,
        0,
        0.8090169943749473,
        0,
        0.5877852522924731,
        0,
        0.5966020310768602,
        0.6,
        0.8211522492905716,
        1
      ],
      "mesh": 7
    },
    {
      "matrix": [
        0.45399049973954697,
        0,
        -0.8910065241883678,
        0,
        0,
        1,
        0,
        0,
        0.8910065241883678,
        0,
        0.45399049973954697,
        0,
        0.46080035723564,
        0.6,
        0.9043716220511933,
        1
      ],
      "mesh": 8
    },
    {
      "matrix": [
        0.30901699437494745,
        0,
        -0.9510565162951536,
        0,
        0,
        1,
        0,
        0,
        0.9510565162951536,
        0,
        0.30901699437494745,
        0,
        0.3136522492905716,
        0.6,
        0.9653223640395807,
        1
      ],
      "mesh": 9
    },
    {
      "matrix": [
        0.15643446504023084,
        0,
        -0.9876883405951378,
        0,
        0,
        1,
        0,
        0,
        0.9876883405951378,
        0,
        0.15643446504023084,
        0,
        0.15878098201583438,
        0.6,
        1.0025036657040647,
        1
      ],
      "mesh": 10
    },
    {
      "matrix": [
        2.220446049250313e-16,
        0,
        -1,
        0,
        0,
        1,
        0,
        0,
        1,
        0,
        2.220446049250313e-16,
        0,
        6.215082505672817e-17,
        0.6,
        1.015,
        1
      ],
      "mesh": 11
    },
    {
      "matrix": [
        -0.15643446504023117,
        0,
        -0.9876883405951377,
        0,
        0,
        1,
        0,
        0,
        0.9876883405951377,
        0,
        -0.15643446504023117,
        0,
        -0.1587809820158345,
        0.6,
        1.0025036657040647,
        1
      ],
      "mesh": 12
    },
    {
      "matrix": [
        -0.30901699437494745,
        0,
        -0.9510565162951536,
        0,
        0,
        1,
        0,
        0,
        0.9510565162951536,
        0,
        -0.30901699437494745,
        0,
        -0.3136522492905715,
        0.6,
        0.9653223640395808,
        1
      ],
      "mesh": 13
    },
    {
      "matrix": [
        -0.45399049973954675,
        0,
        -0.8910065241883679,
        0,
        0,
        1,
        0,
        0,
        0.8910065241883679,
        0,
        -0.45399049973954675,
        0,
        -0.4608003572356399,
        0.6,
        0.9043716220511934,
        1
      ],
      "mesh": 14
    },
    {
      "matrix": [
        -0.5877852522924729,
        0,
        -0.8090169943749475,
        0,
        0,
        1,
        0,
        0,
        0.8090169943749475,
        0,
        -0.5877852522924729,
        0,
        -0.59660203107686,
        0.6,
        0.8211522492905716,
        1
      ],
      "mesh": 15
    },
    {
      "matrix": [
        -0.7071067811865475,
        0,
        -0.7071067811865477,
        0,
        0,
        1,
        0,
        0,
        0.7071067811865477,
        0,
        -0.7071067811865475,
        0,
        -0.7177133829043456,
        0.6,
        0.7177133829043457,
        1
      ],
      "mesh": 16
    },
    {
      "matrix": [
        -0.8090169943749472,
        0,
        -0.5877852522924731,
        0,
        0,
        1,
        0,
        0,
        0.5877852522924731,
        0,
        -0.8090169943749472,
        0,
        -0.8211522492905715,
        0.6,
        0.5966020310768603,
        1
      ],
      "mesh": 17
    },
    {
      "matrix": [
        -0.8910065241883678,
        0,
        -0.4539904997395469,
        0,
        0,
        1,
        0,
        0,
        0.4539904997395469,
        0,
        -0.8910065241883678,
        0,
        -0.9043716220511933,
        0.6,
        0.46080035723564,
        1
      ],
      "mesh": 18
    },
    {
      "matrix": [
        -0.9510565162951536,
        0,
        -0.30901699437494756,
        0,
        0,
        1,
        0,
        0,
        0.30901699437494756,
        0,
        -0.9510565162951536,
        0,
        -0.9653223640395807,
        0.6,
        0.31365224929057167,
        1
      ],
      "mesh": 19
    },
    {
      "matrix": [
        -0.9876883405951378,
        0,
        -0.15643446504023098,
        0,
        0,
        1,
        0,
        0,
        0.15643446504023098,
        0,
        -0.9876883405951378,
        0,
        -1.0025036657040647,
        0.6,
        0.15878098201583443,
        1
      ],
      "mesh": 20
    },
    {
      "matrix": [
        -1,
        0,
        -1.2246467991473532e-16,
        0,
        0,
        1,
        0,
        0,
        1.2246467991473532e-16,
        0,
        -1,
        0,
        -1.015,
        0.6,
        1.2430165011345633e-16,
        1
      ],
      "mesh": 21
    },
    {
      "matrix": [
        -0.9876883405951378,
        0,
        0.15643446504023073,
        0,
        0,
        1,
        0,
        0,
        -0.15643446504023073,
        0,
        -0.9876883405951378,
        0,
        -1.0025036657040647,
        0.6,
        -0.15878098201583418,
        1
      ],
      "mesh": 22
    },
    {
      "matrix": [
        -0.9510565162951532,
        0,
        0.30901699437494773,
        0,
        0,
        1,
        0,
        0,
        -0.30901699437494773,
        0,
        -0.9510565162951532,
        0,
        -0.9653223640395807,
        0.6,
        -0.3136522492905719,
        1
      ],
      "mesh": 23
    },
    {
      "matrix": [
        -0.891006524188368,
        0,
        0.4539904997395463,
        0,
        0,
        1,
        0,
        0,
        -0.4539904997395463,
        0,
        -0.891006524188368,
        0,
        -0.9043716220511936,
        0.6,
        -0.4608003572356394,
        1
      ],
      "mesh": 24
    },
    {
      "matrix": [
        -0.8090169943749477,
        0,
        0.587785252292473,
        0,
        0,
        1,
        0,
        0,
        -0.587785252292473,
        0,
        -0.8090169943749477,
        0,
        -0.8211522492905716,
        0.6,
        -0.59660203107686,
        1
      ],
      "mesh": 25
    },
    {
      "matrix": [
        -0.7071067811865475,
        0,
        0.7071067811865475,
        0,
        0,
        1,
        0,
        0,
        -0.7071067811865475,
        0,
        -0.7071067811865475,
        0,
        -0.7177133829043458,
        0.6,
        -0.7177133829043456,
        1
      ],
      "mesh": 26
    },
    {
      "matrix": [
        -0.5877852522924734,
        0,
        0.8090169943749473,
        0,
        0,
        1,
        0,
        0,
        -0.8090169943749473,
        0,
        -0.5877852522924734,
        0,
        -0.5966020310768603,
        0.6,
        -0.8211522492905715,
        1
      ],
      "mesh": 27
    },
    {
      "matrix": [
        -0.45399049973954697,
        0,
        0.8910065241883678,
        0,
        0,
        1,
        0,
        0,
        -0.8910065241883678,
        0,
        -0.45399049973954697,
        0,
        -0.46080035723564006,
        0.6,
        -0.9043716220511933,
        1
      ],
      "mesh": 28
    },
    {
      "matrix": [
        -0.30901699437494745,
        0,
        0.9510565162951534,
        0,
        0,
        1,
        0,
        0,
        -0.9510565162951534,
        0,
        -0.30901699437494745,
        0,
        -0.3136522492905717,
        0.6,
        -0.9653223640395807,
        1
      ],
      "mesh": 29
    },
    {
      "matrix": [
        -0.15643446504023117,
        0,
        0.9876883405951377,
        0,
        0,
        1,
        0,
        0,
        -0.9876883405951377,
        0,
        -0.15643446504023117,
        0,
        -0.1587809820158345,
        0.6,
        -1.0025036657040647,
        1
      ],
      "mesh": 30
    },
    {
      "matrix": [
        -2.220446049250313e-16,
        0,
        1,
        0,
        0,
        1,
        0,
        0,
        -1,
        0,
        -2.220446049250313e-16,
        0,
        -1.864524751701845e-16,
        0.6,
        -1.015,
        1
      ],
      "mesh": 31
    },
    {
      "matrix": [
        0.15643446504023062,
        0,
        0.9876883405951378,
        0,
        0,
        1,
        0,
        0,
        -0.9876883405951378,
        0,
        0.15643446504023062,
        0,
        0.15878098201583413,
        0.6,
        -1.0025036657040647,
        1
      ],
      "mesh": 32
    },
    {
      "matrix": [
        0.3090169943749471,
        0,
        0.9510565162951536,
        0,
        0,
        1,
        0,
        0,
        -0.9510565162951536,
        0,
        0.3090169943749471,
        0,
        0.3136522492905714,
        0.6,
        -0.9653223640395808,
        1
      ],
      "mesh": 33
    },
    {
      "matrix": [
        0.45399049973954675,
        0,
        0.8910065241883679,
        0,
        0,
        1,
        0,
        0,
        -0.8910065241883679,
        0,
        0.45399049973954675,
        0,
        0.4608003572356398,
        0.6,
        -0.9043716220511935,
        1
      ],
      "mesh": 34
    },
    {
      "matrix": [
        0.587785252292473,
        0,
        0.8090169943749475,
        0,
        0,
        1,
        0,
        0,
        -0.8090169943749475,
        0,
        0.587785252292473,
        0,
        0.5966020310768599,
        0.6,
        -0.8211522492905717,
        1
      ],
      "mesh": 35
    },
    {
      "matrix": [
        0.7071067811865474,
        0,
        0.7071067811865477,
        0,
        0,
        1,
        0,
        0,
        -0.7071067811865477,
        0,
        0.7071067811865474,
        0,
        0.7177133829043455,
        0.6,
        -0.7177133829043458,
        1
      ],
      "mesh": 36
    },
    {
      "matrix": [
        0.8090169943749473,
        0,
        0.5877852522924732,
        0,
        0,
        1,
        0,
        0,
        -0.5877852522924732,
        0,
        0.8090169943749473,
        0,
        0.8211522492905715,
        0.6,
        -0.5966020310768604,
        1
      ],
      "mesh": 37
    },
    {
      "matrix": [
        0.8910065241883678,
        0,
        0.453990499739547,
        0,
        0,
        1,
        0,
        0,
        -0.453990499739547,
        0,
        0.8910065241883678,
        0,
        0.9043716220511933,
        0.6,
        -0.4608003572356401,
        1
      ],
      "mesh": 38
    },
    {
      "matrix": [
        0.9510565162951535,
        0,
        0.3090169943749476,
        0,
        0,
        1,
        0,
        0,
        -0.3090169943749476,
        0,
        0.9510565162951535,
        0,
        0.9653223640395807,
        0.6,
        -0.3136522492905718,
        1
      ],
      "mesh": 39
    },
    {
      "matrix": [
        0.9876883405951377,
        0,
        0.15643446504023112,
        0,
        0,
        1,
        0,
        0,
        -0.15643446504023112,
        0,
        0.9876883405951377,
        0,
        1.0025036657040647,
        0.6,
        -0.15878098201583457,
        1
      ],
      "mesh": 40
    },
    {
      "matrix": [
        2.220446049250313e-16,
        1,
        0,
        0,
        -1,
        2.220446049250313e-16,
        0,
        0,
        0,
        0,
        1,
        0,
        0,
        0.4,
        0,
        1
      ],
      "mesh": 41
    },
    {
      "matrix": [
        1,
        0,
        0,
        0,
        0,
        1,
        0,
        0,
        0,
        0,
        1,
        0,
        -0.7,
        0.2,
        0,
        1
      ],
      "mesh": 42
    },
    {
      "matrix": [
        1,
        0,
        0,
        0,
        0,
        1,
        0,
        0,
        0,
        0,
        1,
        0,
        0.7,
        0.2,
        0,
        1
      ],
      "mesh": 43
    },
    {
      "matrix": [
        1,
        0,
        0,
        0,
        0,
        1,
        0,
        0,
        0,
        0,
        1,
        0,
        0,
        0.025,
        0,
        1
      ],
      "mesh": 44
    },
    {
      "matrix": [
        1,
        0,
        0,
        0,
        0,
        1,
        0,
        0,
        0,
        0,
        1,
        0,
        0,
        1.2249999999999999,
        0,
        1
      ],
      "mesh": 45
    },
    {
      "children": [
        0,
        1,
        2,
        3,
        4,
        5,
        6,
        7,
        8,
        9,
        10,
        11,
        12,
        13,
        14,
        15,
        16,
        17,
        18,
        19,
        20,
        21,
        22,
        23,
        24,
        25,
        26,
        27,
        28,
        29,
        30,
        31,
        32,
        33,
        34,
        35,
        36,
        37,
        38,
        39,
        40,
        41,
        42,
        43,
        44,
        45
      ]
    }
  ],
  "bufferViews": [
    {
      "buffer": 0,
      "byteOffset": 0,
      "byteLength": 2352,
      "target": 34962,
      "byteStride": 12
    },
    {
      "buffer": 0,
      "byteOffset": 2352,
      "byteLength": 2352,
      "target": 34962,
      "byteStride": 12
    },
    {
      "buffer": 0,
      "byteOffset": 4704,
      "byteLength": 1568,
      "target": 34962,
      "byteStride": 8
    },
    {
      "buffer": 0,
      "byteOffset": 6272,
      "byteLength": 768,
      "target": 34963
    },
    {
      "buffer": 0,
      "byteOffset": 7040,
      "byteLength": 288,
      "target": 34962,
      "byteStride": 12
    },
    {
      "buffer": 0,
      "byteOffset": 7328,
      "byteLength": 288,
      "target": 34962,
      "byteStride": 12
    },
    {
      "buffer": 0,
      "byteOffset": 7616,
      "byteLength": 192,
      "target": 34962,
      "byteStride": 8
    },
    {
      "buffer": 0,
      "byteOffset": 7808,
      "byteLength": 72,
      "target": 34963
    },
    {
      "buffer": 0,
      "byteOffset": 7880,
      "byteLength": 288,
      "target": 34962,
      "byteStride": 12
    },
    {
      "buffer": 0,
      "byteOffset": 8168,
      "byteLength": 288,
      "target": 34962,
      "byteStride": 12
    },
    {
      "buffer": 0,
      "byteOffset": 8456,
      "byteLength": 192,
      "target": 34962,
      "byteStride": 8
    },
    {
      "buffer": 0,
      "byteOffset": 8648,
      "byteLength": 72,
      "target": 34963
    },
    {
      "buffer": 0,
      "byteOffset": 8720,
      "byteLength": 288,
      "target": 34962,
      "byteStride": 12
    },
    {
      "buffer": 0,
      "byteOffset": 9008,
      "byteLength": 288,
      "target": 34962,
      "byteStride": 12
    },
    {
      "buffer": 0,
      "byteOffset": 9296,
      "byteLength": 192,
      "target": 34962,
      "byteStride": 8
    },
    {
      "buffer": 0,
      "byteOffset": 9488,
      "byteLength": 72,
      "target": 34963
    },
    {
      "buffer": 0,
      "byteOffset": 9560,
      "byteLength": 288,
      "target": 34962,
      "byteStride": 12
    },
    {
      "buffer": 0,
      "byteOffset": 9848,
      "byteLength": 288,
      "target": 34962,
      "byteStride": 12
    },
    {
      "buffer": 0,
      "byteOffset": 10136,
      "byteLength": 192,
      "target": 34962,
      "byteStride": 8
    },
    {
      "buffer": 0,
      "byteOffset": 10328,
      "byteLength": 72,
      "target": 34963
    },
    {
      "buffer": 0,
      "byteOffset": 10400,
      "byteLength": 288,
      "target": 34962,
      "byteStride": 12
    },
    {
      "buffer": 0,
      "byteOffset": 10688,
      "byteLength": 288,
      "target": 34962,
      "byteStride": 12
    },
    {
      "buffer": 0,
      "byteOffset": 10976,
      "byteLength": 192,
      "target": 34962,
      "byteStride": 8
    },
    {
      "buffer": 0,
      "byteOffset": 11168,
      "byteLength": 72,
      "target": 34963
    },
    {
      "buffer": 0,
      "byteOffset": 11240,
      "byteLength": 288,
      "target": 34962,
      "byteStride": 12
    },
    {
      "buffer": 0,
      "byteOffset": 11528,
      "byteLength": 288,
      "target": 34962,
      "byteStride": 12
    },
    {
      "buffer": 0,
      "byteOffset": 11816,
      "byteLength": 192,
      "target": 34962,
      "byteStride": 8
    },
    {
      "buffer": 0,
      "byteOffset": 12008,
      "byteLength": 72,
      "target": 34963
    },
    {
      "buffer": 0,
      "byteOffset": 12080,
      "byteLength": 288,
      "target": 34962,
      "byteStride": 12
    },
    {
      "buffer": 0,
      "byteOffset": 12368,
      "byteLength": 288,
      "target": 34962,
      "byteStride": 12
    },
    {
      "buffer": 0,
      "byteOffset": 12656,
      "byteLength": 192,
      "target": 34962,
      "byteStride": 8
    },
    {
      "buffer": 0,
      "byteOffset": 12848,
      "byteLength": 72,
      "target": 34963
    },
    {
      "buffer": 0,
      "byteOffset": 12920,
      "byteLength": 288,
      "target": 34962,
      "byteStride": 12
    },
    {
      "buffer": 0,
      "byteOffset": 13208,
      "byteLength": 288,
      "target": 34962,
      "byteStride": 12
    },
    {
      "buffer": 0,
      "byteOffset": 13496,
      "byteLength": 192,
      "target": 34962,
      "byteStride": 8
    },
    {
      "buffer": 0,
      "byteOffset": 13688,
      "byteLength": 72,
      "target": 34963
    },
    {
      "buffer": 0,
      "byteOffset": 13760,
      "byteLength": 288,
      "target": 34962,
      "byteStride": 12
    },
    {
      "buffer": 0,
      "byteOffset": 14048,
      "byteLength": 288,
      "target": 34962,
      "byteStride": 12
    },
    {
      "buffer": 0,
      "byteOffset": 14336,
      "byteLength": 192,
      "target": 34962,
      "byteStride": 8
    },
    {
      "buffer": 0,
      "byteOffset": 14528,
      "byteLength": 72,
      "target": 34963
    },
    {
      "buffer": 0,
      "byteOffset": 14600,
      "byteLength": 288,
      "target": 34962,
      "byteStride": 12
    },
    {
      "buffer": 0,
      "byteOffset": 14888,
      "byteLength": 288,
      "target": 34962,
      "byteStride": 12
    },
    {
      "buffer": 0,
      "byteOffset": 15176,
      "byteLength": 192,
      "target": 34962,
      "byteStride": 8
    },
    {
      "buffer": 0,
      "byteOffset": 15368,
      "byteLength": 72,
      "target": 34963
    },
    {
      "buffer": 0,
      "byteOffset": 15440,
      "byteLength": 288,
      "target": 34962,
      "byteStride": 12
    },
    {
      "buffer": 0,
      "byteOffset": 15728,
      "byteLength": 288,
      "target": 34962,
      "byteStride": 12
    },
    {
      "buffer": 0,
      "byteOffset": 16016,
      "byteLength": 192,
      "target": 34962,
      "byteStride": 8
    },
    {
      "buffer": 0,
      "byteOffset": 16208,
      "byteLength": 72,
      "target": 34963
    },
    {
      "buffer": 0,
      "byteOffset": 16280,
      "byteLength": 288,
      "target": 34962,
      "byteStride": 12
    },
    {
      "buffer": 0,
      "byteOffset": 16568,
      "byteLength": 288,
      "target": 34962,
      "byteStride": 12
    },
    {
      "buffer": 0,
      "byteOffset": 16856,
      "byteLength": 192,
      "target": 34962,
      "byteStride": 8
    },
    {
      "buffer": 0,
      "byteOffset": 17048,
      "byteLength": 72,
      "target": 34963
    },
    {
      "buffer": 0,
      "byteOffset": 17120,
      "byteLength": 288,
      "target": 34962,
      "byteStride": 12
    },
    {
      "buffer": 0,
      "byteOffset": 17408,
      "byteLength": 288,
      "target": 34962,
      "byteStride": 12
    },
    {
      "buffer": 0,
      "byteOffset": 17696,
      "byteLength": 192,
      "target": 34962,
      "byteStride": 8
    },
    {
      "buffer": 0,
      "byteOffset": 17888,
      "byteLength": 72,
      "target": 34963
    },
    {
      "buffer": 0,
      "byteOffset": 17960,
      "byteLength": 288,
      "target": 34962,
      "byteStride": 12
    },
    {
      "buffer": 0,
      "byteOffset": 18248,
      "byteLength": 288,
      "target": 34962,
      "byteStride": 12
    },
    {
      "buffer": 0,
      "byteOffset": 18536,
      "byteLength": 192,
      "target": 34962,
      "byteStride": 8
    },
    {
      "buffer": 0,
      "byteOffset": 18728,
      "byteLength": 72,
      "target": 34963
    },
    {
      "buffer": 0,
      "byteOffset": 18800,
      "byteLength": 288,
      "target": 34962,
      "byteStride": 12
    },
    {
      "buffer": 0,
      "byteOffset": 19088,
      "byteLength": 288,
      "target": 34962,
      "byteStride": 12
    },
    {
      "buffer": 0,
      "byteOffset": 19376,
      "byteLength": 192,
      "target": 34962,
      "byteStride": 8
    },
    {
      "buffer": 0,
      "byteOffset": 19568,
      "byteLength": 72,
      "target": 34963
    },
    {
      "buffer": 0,
      "byteOffset": 19640,
      "byteLength": 288,
      "target": 34962,
      "byteStride": 12
    },
    {
      "buffer": 0,
      "byteOffset": 19928,
      "byteLength": 288,
      "target": 34962,
      "byteStride": 12
    },
    {
      "buffer": 0,
      "byteOffset": 20216,
      "byteLength": 192,
      "target": 34962,
      "byteStride": 8
    },
    {
      "buffer": 0,
      "byteOffset": 20408,
      "byteLength": 72,
      "target": 34963
    },
    {
      "buffer": 0,
      "byteOffset": 20480,
      "byteLength": 288,
      "target": 34962,
      "byteStride": 12
    },
    {
      "buffer": 0,
      "byteOffset": 20768,
      "byteLength": 288,
      "target": 34962,
      "byteStride": 12
    },
    {
      "buffer": 0,
      "byteOffset": 21056,
      "byteLength": 192,
      "target": 34962,
      "byteStride": 8
    },
    {
      "buffer": 0,
      "byteOffset": 21248,
      "byteLength": 72,
      "target": 34963
    },
    {
      "buffer": 0,
      "byteOffset": 21320,
      "byteLength": 288,
      "target": 34962,
      "byteStride": 12
    },
    {
      "buffer": 0,
      "byteOffset": 21608,
      "byteLength": 288,
      "target": 34962,
      "byteStride": 12
    },
    {
      "buffer": 0,
      "byteOffset": 21896,
      "byteLength": 192,
      "target": 34962,
      "byteStride": 8
    },
    {
      "buffer": 0,
      "byteOffset": 22088,
      "byteLength": 72,
      "target": 34963
    },
    {
      "buffer": 0,
      "byteOffset": 22160,
      "byteLength": 288,
      "target": 34962,
      "byteStride": 12
    },
    {
      "buffer": 0,
      "byteOffset": 22448,
      "byteLength": 288,
      "target": 34962,
      "byteStride": 12
    },
    {
      "buffer": 0,
      "byteOffset": 22736,
      "byteLength": 192,
      "target": 34962,
      "byteStride": 8
    },
    {
      "buffer": 0,
      "byteOffset": 22928,
      "byteLength": 72,
      "target": 34963
    },
    {
      "buffer": 0,
      "byteOffset": 23000,
      "byteLength": 288,
      "target": 34962,
      "byteStride": 12
    },
    {
      "buffer": 0,
      "byteOffset": 23288,
      "byteLength": 288,
      "target": 34962,
      "byteStride": 12
    },
    {
      "buffer": 0,
      "byteOffset": 23576,
      "byteLength": 192,
      "target": 34962,
      "byteStride": 8
    },
    {
      "buffer": 0,
      "byteOffset": 23768,
      "byteLength": 72,
      "target": 34963
    },
    {
      "buffer": 0,
      "byteOffset": 23840,
      "byteLength": 288,
      "target": 34962,
      "byteStride": 12
    },
    {
      "buffer": 0,
      "byteOffset": 24128,
      "byteLength": 288,
      "target": 34962,
      "byteStride": 12
    },
    {
      "buffer": 0,
      "byteOffset": 24416,
      "byteLength": 192,
      "target": 34962,
      "byteStride": 8
    },
    {
      "buffer": 0,
      "byteOffset": 24608,
      "byteLength": 72,
      "target": 34963
    },
    {
      "buffer": 0,
      "byteOffset": 24680,
      "byteLength": 288,
      "target": 34962,
      "byteStride": 12
    },
    {
      "buffer": 0,
      "byteOffset": 24968,
      "byteLength": 288,
      "target": 34962,
      "byteStride": 12
    },
    {
      "buffer": 0,
      "byteOffset": 25256,
      "byteLength": 192,
      "target": 34962,
      "byteStride": 8
    },
    {
      "buffer": 0,
      "byteOffset": 25448,
      "byteLength": 72,
      "target": 34963
    },
    {
      "buffer": 0,
      "byteOffset": 25520,
      "byteLength": 288,
      "target": 34962,
      "byteStride": 12
    },
    {
      "buffer": 0,
      "byteOffset": 25808,
      "byteLength": 288,
      "target": 34962,
      "byteStride": 12
    },
    {
      "buffer": 0,
      "byteOffset": 26096,
      "byteLength": 192,
      "target": 34962,
      "byteStride": 8
    },
    {
      "buffer": 0,
      "byteOffset": 26288,
      "byteLength": 72,
      "target": 34963
    },
    {
      "buffer": 0,
      "byteOffset": 26360,
      "byteLength": 288,
      "target": 34962,
      "byteStride": 12
    },
    {
      "buffer": 0,
      "byteOffset": 26648,
      "byteLength": 288,
      "target": 34962,
      "byteStride": 12
    },
    {
      "buffer": 0,
      "byteOffset": 26936,
      "byteLength": 192,
      "target": 34962,
      "byteStride": 8
    },
    {
      "buffer": 0,
      "byteOffset": 27128,
      "byteLength": 72,
      "target": 34963
    },
    {
      "buffer": 0,
      "byteOffset": 27200,
      "byteLength": 288,
      "target": 34962,
      "byteStride": 12
    },
    {
      "buffer": 0,
      "byteOffset": 27488,
      "byteLength": 288,
      "target": 34962,
      "byteStride": 12
    },
    {
      "buffer": 0,
      "byteOffset": 27776,
      "byteLength": 192,
      "target": 34962,
      "byteStride": 8
    },
    {
      "buffer": 0,
      "byteOffset": 27968,
      "byteLength": 72,
      "target": 34963
    },
    {
      "buffer": 0,
      "byteOffset": 28040,
      "byteLength": 288,
      "target": 34962,
      "byteStride": 12
    },
    {
      "buffer": 0,
      "byteOffset": 28328,
      "byteLength": 288,
      "target": 34962,
      "byteStride": 12
    },
    {
      "buffer": 0,
      "byteOffset": 28616,
      "byteLength": 192,
      "target": 34962,
      "byteStride": 8
    },
    {
      "buffer": 0,
      "byteOffset": 28808,
      "byteLength": 72,
      "target": 34963
    },
    {
      "buffer": 0,
      "byteOffset": 28880,
      "byteLength": 288,
      "target": 34962,
      "byteStride": 12
    },
    {
      "buffer": 0,
      "byteOffset": 29168,
      "byteLength": 288,
      "target": 34962,
      "byteStride": 12
    },
    {
      "buffer": 0,
      "byteOffset": 29456,
      "byteLength": 192,
      "target": 34962,
      "byteStride": 8
    },
    {
      "buffer": 0,
      "byteOffset": 29648,
      "byteLength": 72,
      "target": 34963
    },
    {
      "buffer": 0,
      "byteOffset": 29720,
      "byteLength": 288,
      "target": 34962,
      "byteStride": 12
    },
    {
      "buffer": 0,
      "byteOffset": 30008,
      "byteLength": 288,
      "target": 34962,
      "byteStride": 12
    },
    {
      "buffer": 0,
      "byteOffset": 30296,
      "byteLength": 192,
      "target": 34962,
      "byteStride": 8
    },
    {
      "buffer": 0,
      "byteOffset": 30488,
      "byteLength": 72,
      "target": 34963
    },
    {
      "buffer": 0,
      "byteOffset": 30560,
      "byteLength": 288,
      "target": 34962,
      "byteStride": 12
    },
    {
      "buffer": 0,
      "byteOffset": 30848,
      "byteLength": 288,
      "target": 34962,
      "byteStride": 12
    },
    {
      "buffer": 0,
      "byteOffset": 31136,
      "byteLength": 192,
      "target": 34962,
      "byteStride": 8
    },
    {
      "buffer": 0,
      "byteOffset": 31328,
      "byteLength": 72,
      "target": 34963
    },
    {
      "buffer": 0,
      "byteOffset": 31400,
      "byteLength": 288,
      "target": 34962,
      "byteStride": 12
    },
    {
      "buffer": 0,
      "byteOffset": 31688,
      "byteLength": 288,
      "target": 34962,
      "byteStride": 12
    },
    {
      "buffer": 0,
      "byteOffset": 31976,
      "byteLength": 192,
      "target": 34962,
      "byteStride": 8
    },
    {
      "buffer": 0,
      "byteOffset": 32168,
      "byteLength": 72,
      "target": 34963
    },
    {
      "buffer": 0,
      "byteOffset": 32240,
      "byteLength": 288,
      "target": 34962,
      "byteStride": 12
    },
    {
      "buffer": 0,
      "byteOffset": 32528,
      "byteLength": 288,
      "target": 34962,
      "byteStride": 12
    },
    {
      "buffer": 0,
      "byteOffset": 32816,
      "byteLength": 192,
      "target": 34962,
      "byteStride": 8
    },
    {
      "buffer": 0,
      "byteOffset": 33008,
      "byteLength": 72,
      "target": 34963
    },
    {
      "buffer": 0,
      "byteOffset": 33080,
      "byteLength": 288,
      "target": 34962,
      "byteStride": 12
    },
    {
      "buffer": 0,
      "byteOffset": 33368,
      "byteLength": 288,
      "target": 34962,
      "byteStride": 12
    },
    {
      "buffer": 0,
      "byteOffset": 33656,
      "byteLength": 192,
      "target": 34962,
      "byteStride": 8
    },
    {
      "buffer": 0,
      "byteOffset": 33848,
      "byteLength": 72,
      "target": 34963
    },
    {
      "buffer": 0,
      "byteOffset": 33920,
      "byteLength": 288,
      "target": 34962,
      "byteStride": 12
    },
    {
      "buffer": 0,
      "byteOffset": 34208,
      "byteLength": 288,
      "target": 34962,
      "byteStride": 12
    },
    {
      "buffer": 0,
      "byteOffset": 34496,
      "byteLength": 192,
      "target": 34962,
      "byteStride": 8
    },
    {
      "buffer": 0,
      "byteOffset": 34688,
      "byteLength": 72,
      "target": 34963
    },
    {
      "buffer": 0,
      "byteOffset": 34760,
      "byteLength": 288,
      "target": 34962,
      "byteStride": 12
    },
    {
      "buffer": 0,
      "byteOffset": 35048,
      "byteLength": 288,
      "target": 34962,
      "byteStride": 12
    },
    {
      "buffer": 0,
      "byteOffset": 35336,
      "byteLength": 192,
      "target": 34962,
      "byteStride": 8
    },
    {
      "buffer": 0,
      "byteOffset": 35528,
      "byteLength": 72,
      "target": 34963
    },
    {
      "buffer": 0,
      "byteOffset": 35600,
      "byteLength": 288,
      "target": 34962,
      "byteStride": 12
    },
    {
      "buffer": 0,
      "byteOffset": 35888,
      "byteLength": 288,
      "target": 34962,
      "byteStride": 12
    },
    {
      "buffer": 0,
      "byteOffset": 36176,
      "byteLength": 192,
      "target": 34962,
      "byteStride": 8
    },
    {
      "buffer": 0,
      "byteOffset": 36368,
      "byteLength": 72,
      "target": 34963
    },
    {
      "buffer": 0,
      "byteOffset": 36440,
      "byteLength": 288,
      "target": 34962,
      "byteStride": 12
    },
    {
      "buffer": 0,
      "byteOffset": 36728,
      "byteLength": 288,
      "target": 34962,
      "byteStride": 12
    },
    {
      "buffer": 0,
      "byteOffset": 37016,
      "byteLength": 192,
      "target": 34962,
      "byteStride": 8
    },
    {
      "buffer": 0,
      "byteOffset": 37208,
      "byteLength": 72,
      "target": 34963
    },
    {
      "buffer": 0,
      "byteOffset": 37280,
      "byteLength": 288,
      "target": 34962,
      "byteStride": 12
    },
    {
      "buffer": 0,
      "byteOffset": 37568,
      "byteLength": 288,
      "target": 34962,
      "byteStride": 12
    },
    {
      "buffer": 0,
      "byteOffset": 37856,
      "byteLength": 192,
      "target": 34962,
      "byteStride": 8
    },
    {
      "buffer": 0,
      "byteOffset": 38048,
      "byteLength": 72,
      "target": 34963
    },
    {
      "buffer": 0,
      "byteOffset": 38120,
      "byteLength": 288,
      "target": 34962,
      "byteStride": 12
    },
    {
      "buffer": 0,
      "byteOffset": 38408,
      "byteLength": 288,
      "target": 34962,
      "byteStride": 12
    },
    {
      "buffer": 0,
      "byteOffset": 38696,
      "byteLength": 192,
      "target": 34962,
      "byteStride": 8
    },
    {
      "buffer": 0,
      "byteOffset": 38888,
      "byteLength": 72,
      "target": 34963
    },
    {
      "buffer": 0,
      "byteOffset": 38960,
      "byteLength": 288,
      "target": 34962,
      "byteStride": 12
    },
    {
      "buffer": 0,
      "byteOffset": 39248,
      "byteLength": 288,
      "target": 34962,
      "byteStride": 12
    },
    {
      "buffer": 0,
      "byteOffset": 39536,
      "byteLength": 192,
      "target": 34962,
      "byteStride": 8
    },
    {
      "buffer": 0,
      "byteOffset": 39728,
      "byteLength": 72,
      "target": 34963
    },
    {
      "buffer": 0,
      "byteOffset": 39800,
      "byteLength": 288,
      "target": 34962,
      "byteStride": 12
    },
    {
      "buffer": 0,
      "byteOffset": 40088,
      "byteLength": 288,
      "target": 34962,
      "byteStride": 12
    },
    {
      "buffer": 0,
      "byteOffset": 40376,
      "byteLength": 192,
      "target": 34962,
      "byteStride": 8
    },
    {
      "buffer": 0,
      "byteOffset": 40568,
      "byteLength": 72,
      "target": 34963
    },
    {
      "buffer": 0,
      "byteOffset": 40640,
      "byteLength": 1200,
      "target": 34962,
      "byteStride": 12
    },
    {
      "buffer": 0,
      "byteOffset": 41840,
      "byteLength": 1200,
      "target": 34962,
      "byteStride": 12
    },
    {
      "buffer": 0,
      "byteOffset": 43040,
      "byteLength": 800,
      "target": 34962,
      "byteStride": 8
    },
    {
      "buffer": 0,
      "byteOffset": 43840,
      "byteLength": 384,
      "target": 34963
    },
    {
      "buffer": 0,
      "byteOffset": 44224,
      "byteLength": 288,
      "target": 34962,
      "byteStride": 12
    },
    {
      "buffer": 0,
      "byteOffset": 44512,
      "byteLength": 288,
      "target": 34962,
      "byteStride": 12
    },
    {
      "buffer": 0,
      "byteOffset": 44800,
      "byteLength": 192,
      "target": 34962,
      "byteStride": 8
    },
    {
      "buffer": 0,
      "byteOffset": 44992,
      "byteLength": 72,
      "target": 34963
    },
    {
      "buffer": 0,
      "byteOffset": 45064,
      "byteLength": 288,
      "target": 34962,
      "byteStride": 12
    },
    {
      "buffer": 0,
      "byteOffset": 45352,
      "byteLength": 288,
      "target": 34962,
      "byteStride": 12
    },
    {
      "buffer": 0,
      "byteOffset": 45640,
      "byteLength": 192,
      "target": 34962,
      "byteStride": 8
    },
    {
      "buffer": 0,
      "byteOffset": 45832,
      "byteLength": 72,
      "target": 34963
    },
    {
      "buffer": 0,
      "byteOffset": 45904,
      "byteLength": 2352,
      "target": 34962,
      "byteStride": 12
    },
    {
      "buffer": 0,
      "byteOffset": 48256,
      "byteLength": 2352,
      "target": 34962,
      "byteStride": 12
    },
    {
      "buffer": 0,
      "byteOffset": 50608,
      "byteLength": 1568,
      "target": 34962,
      "byteStride": 8
    },
    {
      "buffer": 0,
      "byteOffset": 52176,
      "byteLength": 768,
      "target": 34963
    }
  ],
  "buffers": [
    {
      "byteLength": 52944,
